1 1 25532
1 10 23167
1 20 22241
1 30 22354
1 40 22246
1 50 23247
1 60 22407
1 70 23226
1 80 23434
1 90 22246
1 100 23279
10 1 23142
10 10 23375
10 20 23307
10 30 22565
10 40 23360
10 50 24295
10 60 24241
10 70 23437
10 80 23133
10 90 36261
10 100 23155
20 1 23182
20 10 24198
20 20 24621
20 30 24635
20 40 23265
20 50 20367
20 60 23486
20 70 23382
20 80 32412
20 90 26992
20 100 23547
30 1 23584
30 10 29682
30 20 33066
30 30 30619
30 40 35457
30 50 24975
30 60 42510
30 70 32293
30 80 36452
30 90 34503
30 100 32275
40 1 26883
40 10 29530
40 20 31319
40 30 23144
40 40 23201
40 50 28040
40 60 24678
40 70 24256
40 80 32630
40 90 23587
40 100 23240
50 1 25139
50 10 23399
50 20 23296
50 30 23257
50 40 22289
50 50 24192
50 60 23454
50 70 23256
50 80 23430
50 90 22313
50 100 23136
60 1 23325
60 10 23191
60 20 23150
60 30 23205
60 40 20378
60 50 22323
60 60 23288
60 70 22714
60 80 23187
60 90 22389
60 100 23048
70 1 23173
70 10 23149
70 20 23171
70 30 22271
70 40 23131
70 50 23077
70 60 23219
70 70 22581
70 80 23025
70 90 22231
70 100 22088
80 1 22088
80 10 23141
80 20 23313
80 30 23115
80 40 22713
80 50 23426
80 60 23261
80 70 22398
80 80 23367
80 90 23287
80 100 22537
90 1 23347
90 10 23206
90 20 22317
90 30 23418
90 40 32263
90 50 23725
90 60 23285
90 70 23425
90 80 23439
90 90 23722
90 100 20305
100 1 23494
100 10 23260
100 20 22365
100 30 22155
100 40 22219
100 50 20309
100 60 23242
100 70 23279
100 80 20643
100 90 23257
100 100 22745
